4
21
4
8
12
2
16
9
13
8
8
21
4
12
16
13
18
12
17
3
15
22
6
21
4
2
12
24
0
24
19
19
3
13
13
11
23
3
13
4
16
12
7
19
24
24
1
2
11
0
7
6
8
13
9
16
2
9
22
1
2
23
12
9
2
9
18
12
1
7
0
14
9
5
3
19
17
12
10
22
4
18
6
17
4
0
18
15
16
2
2
16
5
6
21
0
7
14
15
0
13
5
4
6
11
14
4
0
5
15
17
11
15
11
18
21
8
13
15
16
16
24
8
1
21
16
11
5
9
18
5
16
4
17
24
24
9
0
16
17
1
12
20
5
9
17
2
13
19
0
12
10
9
12
18
3
23
0
24
5
8
2
20
12
2
10
5
10
0
21
17
10
10
22
24
6
8
11
19
0
15
5
7
24
11
6
2
18
11
20
18
23
14
6
19
5
5
7
18
0
16
3
18
5
3
6
5
4
15
22
11
7
2
7
4
6
7
4
5
16
16
2
8
10
15
16
7
6
14
10
22
2
10
8
8
10
17
24
4
21
22
8
5
21
4
17
6
5
16
0
